#pragma once

#define UPSCALE_MIN 3
#define UPSCALE_PRINT 8
#define UPSCALE_MAX 14
#define TESTS 10
#define WARMUP 2
#define BLOCK_SIZE 8
#define COMPRESSED_BLOCK_SIZE 4

#ifndef __device__
#define __device__
#endif

__device__ const byte_t QY[BLOCK_SIZE][BLOCK_SIZE] = {
	{ 16,  11,  10,  16,  24,  40,  51,  61  },
	{ 12,  12,  14,  19,  26,  58,  60,  55  },
	{ 14,  13,  16,  24,  40,  57,  69,  56  },
	{ 14,  17,  22,  29,  51,  87,  80,  62  },
	{ 18,  22,  37,  56,  68,  109, 103, 77  },
	{ 24,  35,  55,  64,  81,  104, 113, 92  },
	{ 49,  64,  78,  87,  103, 121, 120, 101 },
	{ 72,  92,  95,  98,  112, 100, 103, 99  }
};

__device__ const byte_t ZZ[BLOCK_SIZE][BLOCK_SIZE][2] = {
	{ { 0, 0 }, { 0, 1 }, { 1, 0 }, { 2, 0 } },
	{ { 1, 1 }, { 0, 2 }, { 0, 3 }, { 1, 2 } },
	{ { 2, 1 }, { 3, 0 }, { 4, 0 }, { 3, 1 } },
	{ { 2, 2 }, { 1, 3 }, { 0, 4 }, { 0, 5 } }
};

__device__ const float CC[BLOCK_SIZE][BLOCK_SIZE] = {
	{ 0.354,  0.490,  0.462,  0.416,  0.354,  0.278,  0.191,  0.098 },
	{ 0.354,  0.416,  0.191, -0.098, -0.354, -0.490, -0.462, -0.278 },
	{ 0.354,  0.278, -0.191, -0.490, -0.354,  0.098,  0.462,  0.416 },
	{ 0.354,  0.098, -0.462, -0.278,  0.354,  0.416, -0.191, -0.490 },
	{ 0.354, -0.098, -0.462,  0.278,  0.354, -0.416, -0.191,  0.490 },
	{ 0.354, -0.278, -0.191,  0.490, -0.354, -0.098,  0.462, -0.416 },
	{ 0.354, -0.416,  0.191,  0.098, -0.354,  0.490, -0.462,  0.278 },
	{ 0.354, -0.490,  0.462, -0.416,  0.354, -0.278,  0.191, -0.098 }
};

#define PI 3.1415926535897932384626433832795
